******************************************************************************************************************************************************
Original Array:
[29, 31, 55, 89, 63, 61, 8, 5, 93, 84, 13, 15, 39, 50, 99, 82, 45, 18]
------------------------------------------------------------------------------------------------------------------------------------------------------
Merge sort average sorting time 0.0309 ms
[5, 8, 13, 15, 18, 29, 31, 39, 45, 50, 55, 61, 63, 82, 84, 89, 93, 99]

******************************************************************************************************************************************************
Original Array:
[18, 39, 99, 52, 82, 16, 33, 37, 79, 41, 0, 67, 49, 65, 57, 34, 4, 94, 95, 66, 6, 44, 88, 1, 91]
------------------------------------------------------------------------------------------------------------------------------------------------------
Merge sort average sorting time 0.0643 ms
[0, 1, 4, 6, 16, 18, 33, 34, 37, 39, 41, 44, 49, 52, 57, 65, 66, 67, 79, 82, 88, 91, 94, 95, 99]

******************************************************************************************************************************************************
Original Array:
[3, 37, 38, 86, 25, 5, 75, 2, 17, 19, 62, 78, 66, 18, 89, 63, 21, 100, 55, 8, 64, 79, 6, 80, 77, 99, 93, 61, 53, 88, 20, 27, 46, 71, 51, 4, 31, 48, 33, 92]
------------------------------------------------------------------------------------------------------------------------------------------------------
Merge sort average sorting time 0.0709 ms
[2, 3, 4, 5, 6, 8, 17, 18, 19, 20, 21, 25, 27, 31, 33, 37, 38, 46, 48, 51, 53, 55, 61, 62, 63, 64, 66, 71, 75, 77, 78, 79, 80, 86, 88, 89, 92, 93, 99, 100]

******************************************************************************************************************************************************
Original Array:
[60, 92, 13, 65, 32, 24, 2, 96, 33, 53, 18, 20, 21, 45, 47, 35, 7, 29, 43, 73, 11, 8, 91, 97, 58, 89, 78, 94, 100, 19, 9, 95, 39, 77, 12, 40, 31, 82]
------------------------------------------------------------------------------------------------------------------------------------------------------
Merge sort average sorting time 0.0782 ms
[2, 7, 8, 9, 11, 12, 13, 18, 19, 20, 21, 24, 29, 31, 32, 33, 35, 39, 40, 43, 45, 47, 53, 58, 60, 65, 73, 77, 78, 82, 89, 91, 92, 94, 95, 96, 97, 100]

******************************************************************************************************************************************************
Original Array:
[13, 59, 70, 61, 12, 29, 56, 77, 10, 49, 82, 43, 0, 30, 3, 40, 51, 79, 66, 78, 33, 95, 47, 89, 39, 7, 100, 60, 11]
------------------------------------------------------------------------------------------------------------------------------------------------------
Merge sort average sorting time 0.0670 ms
[0, 3, 7, 10, 11, 12, 13, 29, 30, 33, 39, 40, 43, 47, 49, 51, 56, 59, 60, 61, 66, 70, 77, 78, 79, 82, 89, 95, 100]

